1 2
3 4
5 4
5 3
6 4
6 3
6 5
7 4
7 3
7 5
7 6
8 9
10 9
11 9
11 10
12 9
12 11
12 10
13 14
15 14
15 13
16 14
16 13
16 15
17 18
19 18
19 17
20 21
22 21
22 20
23 24
25 24
25 23
26 27
28 27
28 26
29 30
31 30
31 29
32 30
33 30
33 32
34 35
36 35
36 34
37 35
37 34
37 36
38 35
38 34
38 36
38 37
39 35
39 34
39 36
39 37
39 38
40 41
42 43
44 43
44 42
45 46
47 46
47 45
48 46
48 45
48 47
49 32
50 49
50 32
51 49
51 50
51 32
51 33
52 49
52 50
52 51
52 32
52 33
52 30
53 49
54 49
54 53
55 49
56 49
56 55
57 58
59 58
59 57
60 61
62 61
62 60
63 61
63 60
63 62
64 65
66 65
66 64
67 68
69 68
69 67
70 68
70 67
70 69
71 72
73 72
73 71
74 72
74 71
74 73
75 76
75 44
77 76
77 75
78 76
78 75
78 77
79 80
81 80
81 79
82 83
84 83
84 82
85 86
87 53
88 89
90 89
90 88
91 92
93 92
93 91
94 92
94 91
94 93
94 68
95 92
95 91
95 93
95 94
96 92
96 93
96 94
97 92
97 96
97 93
97 94
98 99
100 99
100 98
101 102
103 102
103 101
104 105
106 107
108 109
110 111
112 113
114 115
114 75
116 117
118 117
118 116
119 120
121 120
121 119
122 123
124 32
124 30
124 33
125 32
125 33
125 51
125 52
126 32
126 33
126 125
126 51
126 52
127 32
127 33
127 125
127 126
127 51
127 52
128 129
130 131
132 133
134 133
134 132
135 133
135 132
135 134
136 133
136 132
136 134
136 135
137 133
137 132
137 134
137 135
137 136
138 133
138 132
138 134
138 135
138 136
138 137
139 133
139 132
139 134
139 135
139 136
139 137
139 138
140 133
140 132
140 134
140 135
140 136
140 137
140 138
140 139
141 133
141 132
141 134
141 135
141 136
141 137
141 138
141 139
141 140
142 69
143 142
143 69
143 93
143 92
144 142
144 69
144 143
144 119
145 142
146 147
148 147
148 146
149 147
149 146
149 148
150 69
151 69
151 150
152 153
154 155
156 157
158 159
160 161
162 161
162 160
163 164
165 164
165 163
166 167
168 167
168 166
169 170
171 170
171 169
172 173
174 53
174 54
175 174
176 174
176 175
177 178
179 178
179 177
180 32
181 44
182 181
182 44
183 181
183 182
183 44
184 181
184 44
185 186
187 186
187 185
188 186
188 185
188 187
189 186
189 185
189 187
189 188
190 191
190 23
190 25
192 191
192 190
192 23
192 25
193 124
194 195
196 197
198 197
198 196
199 200
201 200
201 199
202 203
204 203
204 202
205 45
205 128
206 205
206 45
207 205
207 206
207 45
208 205
208 207
209 205
209 208
209 207
210 205
210 208
210 209
211 205
211 208
211 209
211 210
212 205
212 128
213 205
213 209
213 208
213 207
214 143
214 93
214 92
214 144
215 216
217 218
219 218
219 217
220 218
220 217
220 219
221 222
223 222
223 221
223 70
224 225
226 227
228 227
229 230
231 232
233 232
234 232
235 236
237 236
237 235
238 206
238 205
238 207
239 206
239 205
239 238
239 207
240 241
242 241
242 240
243 244
245 246
247 248
249 248
249 247
250 248
250 247
250 249
251 248
251 247
251 249
251 250
252 248
252 247
252 249
252 250
252 251
253 248
253 247
253 249
253 250
253 251
253 252
254 248
254 247
254 249
254 250
254 251
254 252
254 253
255 256
257 258
259 258
259 257
260 261
262 261
262 260
263 264
265 264
265 263
265 75
265 143
266 264
266 263
266 265
267 264
267 263
267 265
267 266
268 264
268 263
268 265
268 266
268 267
269 264
269 263
269 265
269 266
269 267
269 268
270 271
272 271
272 270
273 271
273 272
274 275
276 275
276 274
277 278
279 280
281 280
282 280
282 281
283 280
283 281
283 282
284 193
284 143
284 144
284 155
285 284
285 193
286 284
286 193
286 285
287 284
287 285
288 75
289 288
289 75
290 288
290 289
290 75
290 250
290 251
290 253
291 288
291 289
291 290
291 75
292 288
292 75
292 291
293 94
293 68
294 295
296 297
298 297
298 296
299 193
299 284
299 155
300 193
300 299
300 284
301 302
303 304
305 304
305 303
306 304
306 303
306 305
307 304
307 306
308 304
308 306
308 307
309 310
309 30
311 310
311 309
312 310
312 309
312 311
313 144
314 313
314 144
315 316
317 316
317 315
318 316
318 315
318 317
319 320
321 322
323 322
323 321
324 322
324 321
324 323
325 326
325 210
325 208
327 326
327 325
328 239
328 205
329 328
329 239
329 205
330 328
330 329
330 239
330 205
331 332
333 332
333 331
334 332
334 331
334 333
335 332
335 331
335 333
335 334
336 332
336 331
336 333
336 334
336 335
337 338
339 338
339 337
340 341
342 341
342 340
343 341
343 340
344 341
344 343
344 340
345 61
346 345
347 345
348 345
348 347
349 350
351 350
351 349
352 23
352 25
353 75
354 353
354 75
354 292
355 356
357 356
357 355
358 32
359 358
359 32
360 358
360 359
360 32
361 358
361 359
361 360
362 363
364 363
364 362
365 366
367 366
367 365
368 369
370 369
370 368
371 369
371 368
371 370
372 369
372 368
372 370
372 371
373 369
373 368
373 370
373 371
373 372
374 369
374 368
374 370
374 371
374 372
374 373
375 369
375 368
375 370
375 371
375 372
375 373
375 374
376 377
378 377
378 376
379 377
379 376
379 378
380 381
382 381
382 380
383 381
383 380
383 382
384 260
384 262
385 384
385 260
385 262
385 309
385 311
385 30
386 384
386 385
386 260
386 262
387 384
387 385
387 260
387 386
387 262
388 384
388 385
388 260
388 386
388 262
388 387
389 159
390 391
392 391
392 390
393 391
393 390
393 392
394 391
394 390
394 392
394 393
395 391
395 392
395 394
396 397
396 234
398 385
398 309
398 311
399 385
399 309
400 401
402 301
403 404
405 404
405 403
406 407
408 407
408 406
409 44
410 409
411 412
413 412
414 415
416 231
416 232
417 418
419 418
419 417
420 113
421 420
422 420
422 113
423 424
423 70
425 426
427 428
429 428
429 427
430 428
430 427
430 429
431 266
432 433
434 433
434 432
435 433
435 432
435 434
436 433
436 432
436 434
436 435
437 433
437 432
437 434
437 435
437 436
438 433
438 432
438 434
438 435
438 436
438 437
439 433
439 432
439 434
439 435
439 436
439 437
439 438
440 441
442 441
442 440
443 441
443 440
443 442
443 284
444 32
445 444
446 444
446 445
447 448
449 448
449 447
450 448
450 447
450 449
451 448
451 447
451 449
451 450
452 453
452 211
452 208
454 453
454 452
455 456
457 456
458 456
458 457
459 460
461 460
461 459
462 460
462 459
462 461
463 464
465 32
466 467
468 32
468 52
469 468
469 32
469 52
470 292
470 75
471 470
471 292
472 470
473 470
473 292
474 475
476 475
476 474
477 478
479 286
480 143
481 480
482 480
482 481
483 480
483 482
484 485
486 180
486 32
487 486
487 180
487 32
488 486
488 487
488 180
488 32
489 490
491 231
491 232
492 493
494 493
494 492
494 329
494 205
494 144
494 143
494 214
495 493
495 492
495 494
495 144
495 143
495 214
495 119
495 145
496 497
498 499
500 74
501 500
502 500
502 501
503 500
503 501
503 502
504 500
504 501
504 502
504 503
505 500
506 507
508 509
510 509
510 508
511 509
511 508
511 510
512 513
514 515
516 515
516 514
517 515
518 515
518 517
519 515
519 517
519 518
520 521
522 523
522 53
522 54
522 312
524 114
525 524
525 114
526 524
526 525
526 114
527 528
529 528
529 527
530 531
532 531
532 530
533 534
535 32
535 51
535 33
535 126
535 52
535 125
535 127
536 535
536 32
536 51
536 33
536 126
536 52
536 125
536 127
537 79
538 537
539 537
539 538
540 537
540 538
540 539
541 179
542 543
544 545
546 547
548 265
548 267
549 548
549 265
550 548
550 265
551 552
553 554
555 554
555 553
556 557
558 128
559 558
559 128
560 558
560 559
560 128
561 562
561 290
563 562
563 561
564 562
564 561
564 563
565 566
567 260
567 386
567 262
568 309
568 398
568 44
569 570
571 572
573 574
575 259
576 259
576 575
577 259
577 575
577 576
578 42
579 578
579 42
580 578
580 42
581 578
581 42
581 580
582 583
584 585
586 587
588 587
588 586
589 590
591 592
593 594
595 594
595 593
596 594
596 593
596 595
597 598
599 598
599 597
599 319
600 601
602 603
604 603
604 602
605 155
605 299
605 284
605 443
606 605
606 155
606 299
606 284
607 605
608 75
609 610
611 75
612 613
614 179
614 541
615 614
615 179
615 541
616 33
617 616
618 616
618 617
618 33
618 53
618 54
619 616
619 617
619 618
619 33
620 616
620 618
620 619
621 616
621 33
621 618
621 619
622 623
624 623
624 622
625 623
625 622
625 624
626 627
628 627
628 626
629 627
629 626
629 628
630 627
630 626
630 628
630 629
631 632
633 634
635 634
636 637
638 492
638 494
639 423
640 639
640 423
641 626
641 627
642 643
644 643
644 642
645 646
647 646
647 645
648 646
648 645
648 647
649 55
650 333
651 515
651 516
652 651
652 515
652 516
653 326
654 655
656 655
656 654
657 655
657 654
657 656
658 655
658 654
658 656
658 657
658 208
658 325
659 655
659 654
659 656
659 657
659 658
660 425
661 93
662 661
662 93
663 661
663 93
663 662
664 665
666 665
666 664
667 665
667 664
667 666
668 94
668 92
668 93
668 96
669 94
669 68
669 69
669 70
670 94
670 669
670 68
671 86
671 85
672 610
673 672
673 610
674 656
675 656
675 674
676 656
676 674
676 675
677 656
677 674
677 675
677 676
678 679
680 633
681 682
683 682
683 681
684 682
684 681
684 683
685 128
685 560
686 687
688 689
690 689
690 688
691 69
692 691
692 69
693 423
693 70
694 423
695 278
695 277
695 501
696 695
696 278
696 277
697 695
697 278
697 696
697 277
698 695
699 695
699 277
699 501
700 701
702 703
704 679
705 704
705 679
706 707
708 33
708 75
709 708
709 68
709 70
710 708
710 709
710 68
710 70
711 708
711 75
711 354
712 708
712 33
713 708
713 33
714 708
714 713
714 33
715 708
715 713
715 714
715 33
716 708
716 713
716 114
717 708
717 716
717 713
717 114
718 719
720 719
720 718
721 719
721 718
721 720
722 119
722 120
723 722
723 119
723 120
724 722
724 723
724 119
724 120
725 722
725 723
725 119
725 724
725 120
726 713
726 621
726 618
727 726
727 713
727 716
727 708
727 717
728 726
728 713
728 727
729 730
731 476
732 731
732 476
733 599
734 599
734 733
735 736
737 736
737 735
738 329
738 205
738 494
739 570
740 739
740 570
741 627
742 741
742 627
743 741
743 627
743 742
744 62
745 744
745 62
746 744
746 745
746 62
747 744
747 745
747 746
747 62
748 749
750 749
750 748
751 749
751 748
751 750
752 749
752 748
752 750
752 751
753 749
753 748
753 750
753 751
753 752
754 61
754 345
755 754
755 61
755 345
756 754
756 755
756 61
756 345
757 754
757 755
757 756
757 61
758 759
760 761
762 763
764 763
764 762
765 766
767 768
769 770
771 770
771 769
772 770
772 769
772 771
773 774
775 774
775 773
776 774
776 773
776 775
777 774
777 773
777 775
777 776
778 774
778 773
778 775
778 776
778 777
779 774
779 773
779 775
779 776
779 777
779 778
780 774
780 773
780 775
780 776
780 777
780 778
780 779
781 774
781 773
781 775
781 776
781 777
781 778
781 779
781 780
782 774
782 773
782 775
782 776
782 777
782 778
782 779
782 780
782 781
783 784
785 784
785 783
786 33
786 32
786 52
787 33
787 30
787 52
787 32
788 789
790 789
790 788
791 792
793 792
793 791
794 792
794 791
794 793
795 796
797 798
799 798
799 797
800 611
800 75
801 802
803 802
803 801
804 101
805 277
806 805
807 805
807 806
808 618
809 808
809 618
810 618
810 33
811 354
812 811
812 354
813 814
815 814
815 813
816 814
816 813
816 815
817 814
817 813
817 815
817 816
818 819
820 819
820 818
821 819
821 818
821 820
822 819
822 818
822 820
822 821
823 824
825 824
825 823
826 827
828 829
830 829
830 828
831 713
831 716
831 708
831 717
831 727
832 616
832 618
832 619
832 53
832 54
833 385
833 30
833 309
834 835
836 835
836 834
837 835
837 834
837 836
838 835
838 834
838 836
838 837
839 840
841 840
841 839
842 843
844 843
844 842
845 846
847 290
847 250
847 251
847 253
848 849
850 849
850 848
851 852
853 852
853 851
854 852
854 851
854 853
855 852
855 851
855 853
855 854
856 852
856 851
856 853
856 854
856 855
857 162
858 859
860 396
861 862
863 862
863 861
864 168
865 229
866 867
868 695
868 278
868 696
868 277
869 868
869 695
869 278
869 696
869 277
870 868
871 53
871 54
872 110
873 872
873 110
874 872
874 873
874 110
875 872
875 873
875 874
875 110
876 458
877 878
879 878
879 877
880 247
880 250
880 251
880 253
881 247
881 250
881 251
881 880
881 253
882 1
883 884
885 886
887 888
889 888
889 887
890 888
890 889
890 887
891 184
892 891
892 184
893 894
895 894
895 893
896 897
898 897
898 896
899 495
899 144
900 899
900 495
900 144
901 902
903 902
903 901
904 902
904 901
904 903
905 902
905 901
905 903
905 904
906 902
906 901
906 903
906 904
906 905
907 908
907 283
909 910
911 910
911 909
911 85
912 710
912 709
912 68
912 70
913 914
915 916
917 916
917 915
918 919
918 452
918 453
920 919
920 918
920 452
921 919
921 918
922 923
924 907
925 85
926 927
928 929
930 929
930 928
931 929
931 928
931 930
932 929
932 928
932 930
932 931
933 934
933 851
933 855
933 240
933 241
935 907
936 935
936 907
937 935
937 936
937 907
938 75
939 940
941 49
941 32
942 943
944 945
946 947
948 61
948 755
949 950
951 119
951 121
952 119
952 121
952 951
953 119
953 121
953 951
953 952
954 51
955 954
955 51
956 286
957 956
958 699
958 277
959 958
959 699
959 277
960 526
960 114
961 962
963 964
965 966
967 966
968 966
968 967
969 291
970 969
970 291
971 213
971 207
971 205
972 973
974 973
974 972
975 942
976 462
977 14
978 977
978 14
979 977
979 978
979 14
980 977
980 978
980 979
980 14
981 982
983 984
985 984
986 984
986 985
987 984
987 985
987 986
988 989
990 989
990 988
991 989
991 988
991 990
992 989
992 988
992 990
992 991
993 989
993 988
993 990
993 991
993 992
994 989
994 988
994 990
994 991
994 992
994 993
995 989
995 988
995 990
995 991
995 992
995 993
995 994
996 989
996 988
996 990
996 991
996 992
996 993
996 994
996 995
997 989
997 988
997 990
997 991
997 992
997 993
997 994
997 995
997 996
998 755
998 754
998 756
998 61
999 755
999 754
999 756
999 998
999 61
999 345
999 948
1000 755
1000 754
1000 756
1000 998
1000 999
1000 61
1001 755
1001 754
1001 756
1001 998
1001 999
1001 1000
1001 61
1002 215
1003 1004
1005 265
1006 68
1007 1006
1007 68
1008 2
1008 1
1009 494
1010 494
1010 1009
1011 494
1011 1010
1011 144
1012 494
1012 1010
1013 452
1013 453
1013 918
1014 452
1014 918
1014 920
1015 1016
1017 1016
1017 1015
1018 1016
1018 1015
1018 1017
1019 1020
1021 1020
1021 1019
1022 1023
1024 1023
1024 1022
1025 1026
1027 1026
1027 1025
1028 1026
1028 1025
1028 1027
1029 1026
1029 1025
1029 1027
1029 1028
1030 1026
1030 1025
1030 1027
1030 1028
1030 1029
1031 1026
1031 1025
1031 1027
1031 1028
1031 1029
1031 1030
1032 1026
1032 1025
1032 1027
1032 1028
1032 1029
1032 1030
1032 1031
1033 1026
1033 1025
1033 1027
1033 1028
1033 1029
1033 1030
1033 1031
1033 1032
1034 1035
1036 1037
1038 1037
1038 1036
1039 1037
1039 1036
1039 1038
1040 1037
1040 1036
1040 1038
1040 1039
1041 75
1042 75
1042 1041
1043 75
1043 708
1044 234
1044 396
1045 1044
1045 234
1045 396
1046 1047
1048 911
1049 621
1049 726
1049 618
1049 33
1050 1051
1052 1053
1054 892
1054 184
1055 1054
1055 892
1055 184
1056 1054
1056 1055
1056 892
1056 184
1057 1054
1057 184
1057 892
1058 1059
1060 1061
1062 210
1062 325
1062 208
1062 658
1063 1064
1065 1064
1065 1063
1066 1064
1066 1063
1066 1065
1067 1064
1067 1063
1067 1065
1067 1066
1068 1069
1070 1069
1070 1068
1071 1069
1071 1068
1071 1070
1072 1069
1072 1068
1072 1070
1072 1071
1073 1069
1073 1068
1073 1070
1073 1071
1073 1072
1074 1069
1074 1068
1074 1070
1074 1071
1074 1072
1074 1073
1075 1069
1075 1068
1075 1070
1075 1071
1075 1072
1075 1073
1075 1074
1076 1069
1076 1068
1076 1070
1076 1071
1076 1072
1076 1073
1076 1074
1076 1075
1077 108
1077 176
1078 108
1078 1077
1079 1080
1081 243
1081 244
1082 243
1082 244
1082 1081
1083 1084
1085 767
1086 75
1087 868
1088 1087
1088 868
1089 143
1089 93
1090 143
1090 265
1091 562
1091 561
1091 563
1092 1091
1092 562
1092 561
1092 563
1093 285
1094 1095
1096 1095
1096 1094
1097 309
1097 311
1098 52
1098 33
1098 787
1098 32
1099 1098
1099 52
1099 33
1099 787
1099 32
1100 1101
1102 75
1103 1102
1103 75
1104 1102
1104 1103
1104 75
1105 1106
1107 1106
1107 1105
1108 851
1108 855
1108 933
1108 853
1108 854
1109 851
1109 855
1109 1108
1109 933
1110 851
1110 855
1110 1108
1110 1109
1110 933
1111 851
1111 855
1111 1108
1111 1109
1111 1110
1111 933
1112 851
1112 855
1112 1108
1112 1109
1112 1110
1112 1111
1112 933
1113 851
1113 855
1113 1108
1113 853
1113 854
1114 851
1114 1113
1114 855
1114 1108
1114 853
1114 854
1115 851
1115 1113
1115 855
1115 1108
1115 853
1115 1114
1115 854
1116 1117
1118 1117
1118 1116
1119 1117
1119 1116
1119 1118
1120 313
1121 1120
1121 313
1122 1120
1122 313
1122 1121
1123 1120
1123 313
1123 1121
1123 1122
1124 1125
1126 480
1126 143
1127 1128
1129 1128
1129 1127
1130 1131
1132 1131
1133 125
1133 52
1133 32
1134 125
1134 1133
1134 52
1134 32
1135 232
1136 1137
1138 396
1139 1138
1139 396
1140 461
1141 1140
1141 461
1142 1143
1144 522
1145 1146
1147 1148
1149 462
1150 1149
1150 462
1151 1149
1151 1150
1151 462
1152 1149
1152 1150
1152 1151
1152 462
1153 1154
1155 461
1156 1155
1156 461
1157 1158
1159 1158
1159 1157
1160 716
1160 717
1160 114
1161 1108
1161 855
1162 1108
1162 1161
1162 855
1163 1164
1165 1166
1167 1166
1167 1165
1168 358
1168 359
1168 360
1169 1170
1171 1170
1171 1169
1172 1170
1172 1169
1172 1171
1173 815
1174 304
1174 303
1175 884
1176 1175
1176 884
1177 790
1178 1177
1178 790
1179 1177
1179 1178
1179 790
1180 1177
1180 1178
1180 790
1180 1179
1181 697
1181 277
1181 696
1181 695
1181 278
1182 697
1183 697
1183 1182
1184 697
1184 1182
1184 1183
1185 1062
1185 208
1186 1185
1186 1062
1186 208
1187 1188
1189 1188
1189 1187
1190 1188
1190 1187
1190 1189
1191 1188
1191 1187
1191 1189
1191 1190
1192 1193
1194 1193
1194 1192
1195 358
1195 359
1195 32
1195 360
1196 1197
1198 949
1199 949
1199 1198
1200 949
1201 949
1201 950
1202 949
1202 1201
1202 950
1203 949
1203 1201
1203 1202
1203 950
1204 949
1204 1201
1204 1202
1204 1203
1204 950
1205 1206
1207 1208
1209 1208
1209 1207
1210 1208
1210 1207
1210 1209
1210 51
1211 1208
1211 1207
1211 1209
1211 1210
1212 840
1213 1214
1215 502
1216 1217
1218 1217
1218 1216
1219 1220
1221 1222
1223 1224
1225 1224
1225 1223
1226 1227
1228 1227
1228 1226
1229 1227
1229 1226
1229 1228
1230 1231
1232 495
1233 265
1233 143
1233 1090
1234 265
1235 265
1235 1234
1236 1131
1237 680
1238 360
1239 1238
1239 360
1240 345
1241 1240
1241 345
1242 1240
1242 1241
1242 345
1243 1240
1243 1241
1243 1242
1243 345
1244 1245
1246 501
1246 699
1246 695
1246 868
1247 1246
1247 1027
1248 1246
1248 1247
1248 1027
1249 1246
1250 44
1250 409
1251 44
1251 1250
1251 409
1252 44
1253 1188
1254 1253
1254 1188
1255 1253
1255 1254
1255 1188
1256 1253
1256 1254
1256 1255
1256 1188
1257 869
1257 278
1257 277
1257 868
1258 869
1258 1257
1258 278
1258 277
1258 868
1259 1260
1261 1262
1263 1264
1265 1264
1265 1263
1266 1194
1267 1266
1267 1194
1268 500
1268 74
1269 184
1270 1269
1270 184
1271 1272
1273 312
1273 522
1274 1275
1276 1275
1276 1274
1277 1062
1277 208
1277 325
1277 658
1278 1277
1278 1062
1278 208
1278 325
1278 658
1279 1277
1279 1062
1279 1278
1279 208
1279 325
1279 658
1280 1277
1280 1062
1280 1278
1280 208
1280 325
1280 1279
1280 658
1281 296
1282 1283
1284 1283
1284 1282
1285 1283
1285 1282
1285 1284
1286 1283
1286 1282
1286 1284
1286 1285
1287 309
1287 398
1288 1287
1288 309
1288 398
1289 1287
1289 1288
1289 309
1289 398
1290 1287
1290 1288
1290 309
1290 1289
1290 398
1291 1287
1291 1288
1291 309
1291 1289
1291 398
1291 1290
1292 476
1293 1292
1293 476
1294 1247
1294 1027
1294 1248
1295 989
1296 176
1296 1077
1297 176
1297 1296
1297 1077
1298 176
1298 1296
1298 1077
1298 1297
1299 286
1299 956
1300 1299
1300 286
1300 956
1301 866
1302 1226
1303 1304
1305 1304
1305 1303
1306 1304
1306 1303
1306 1305
1307 10
1308 1307
1308 10
1309 1310
1311 1310
1311 1309
1312 1313
1314 1312
1314 1313
1315 1312
1315 1313
1315 1314
1316 1312
1316 1313
1316 1314
1316 1315
1317 1312
1317 1313
1317 1314
1317 1315
1317 1316
1318 1312
1318 1313
1318 1314
1318 1315
1318 1316
1318 1317
1319 1312
1319 1313
1319 1314
1319 1315
1319 1316
1319 1317
1319 1318
1320 1312
1320 1313
1320 1314
1320 1315
1320 1316
1320 1317
1320 1318
1320 1319
1321 1312
1321 1313
1321 1314
1321 1315
1321 1316
1321 1317
1321 1318
1321 1319
1321 1320
1322 1312
1322 1313
1322 1314
1322 1315
1322 1316
1322 1317
1322 1318
1322 1319
1322 1320
1322 1321
1323 1312
1323 1313
1323 1314
1323 1315
1323 1316
1323 1317
1323 1318
1323 1319
1323 1320
1323 1321
1323 1322
1324 1312
1324 1313
1324 1314
1324 1315
1324 1316
1324 1317
1324 1318
1324 1319
1324 1320
1324 1321
1324 1322
1324 1323
1325 1312
1325 1313
1325 1314
1325 1315
1325 1316
1325 1317
1325 1318
1325 1319
1325 1320
1325 1321
1325 1322
1325 1323
1325 1324
1326 1312
1326 1313
1326 1314
1326 1315
1326 1316
1326 1317
1326 1318
1326 1319
1326 1320
1326 1321
1326 1322
1326 1323
1326 1324
1326 1325
1327 1312
1327 1313
1327 1314
1327 1315
1327 1316
1327 1317
1327 1318
1327 1319
1327 1320
1327 1321
1327 1322
1327 1323
1327 1324
1327 1325
1327 1326
1328 1312
1328 1313
1328 1314
1328 1315
1328 1316
1328 1317
1328 1318
1328 1319
1328 1320
1328 1321
1328 1322
1328 1323
1328 1324
1328 1325
1328 1326
1328 1327
1329 1312
1329 1313
1329 1314
1329 1315
1329 1316
1329 1317
1329 1318
1329 1319
1329 1320
1329 1321
1329 1322
1329 1323
1329 1324
1329 1325
1329 1326
1329 1327
1329 1328
1330 1312
1330 1313
1330 1314
1330 1315
1330 1316
1330 1317
1330 1318
1330 1319
1330 1320
1330 1321
1330 1322
1330 1323
1330 1324
1330 1325
1330 1326
1330 1327
1330 1328
1330 1329
1331 1312
1331 1313
1331 1314
1331 1315
1331 1316
1331 1317
1331 1318
1331 1319
1331 1320
1331 1321
1331 1322
1331 1323
1331 1324
1331 1325
1331 1326
1331 1327
1331 1328
1331 1329
1331 1330
1332 1312
1332 1314
1332 1315
1333 1334
1335 267
1335 265
1336 205
1337 1338
1339 680
1340 462
1341 1342
1343 1342
1343 1341
1344 1342
1344 1341
1344 1343
1345 495
1345 119
1345 144
1346 53
1346 54
1347 805
1347 277
1348 1347
1348 805
1348 277
1349 1347
1349 1348
1349 805
1349 277
1350 1347
1350 1348
1350 805
1350 1349
1350 277
1351 51
1351 1210
1352 51
1352 1351
1352 1210
1353 51
1353 1351
1353 1210
1353 1352
1354 1355
1356 1355
1356 1354
1357 1358
1359 1358
1359 1357
1360 197
1361 1360
1361 197
1362 1363
1364 93
1365 1364
1365 93
1366 1367
1368 1367
1368 1366
1369 1370
1371 1060
1372 1371
1372 1060
1373 1374
1375 1374
1376 1375
1377 1378
1379 283
1380 79
1381 227
1382 1381
1382 227
1383 1381
1383 1382
1383 227
1384 1381
1384 1382
1384 227
1384 1383
1385 933
1386 1385
1387 1385
1387 1386
1388 1385
1388 1386
1388 1387
1389 1385
1389 1386
1389 1387
1389 1388
1390 1385
1390 1386
1390 1387
1390 1388
1390 1389
1391 1392
1393 1392
1393 1391
1394 933
1394 1385
1395 1040
1396 1040
1396 1395
1397 1040
1397 1395
1397 1396
1398 229
1398 865
1399 1398
1399 229
1399 865
1400 1398
1400 1399
1400 229
1400 865
1401 1402
1403 1404
1405 52
1405 32
1406 1407
1408 10
1409 510
1409 508
1409 509
1410 510
1410 1409
1410 508
1410 509
1411 510
1411 1409
1411 1410
1411 508
1411 509
1412 790
1413 1414
1415 1414
1415 1413
1416 1375
1416 1374
1417 1416
1417 1375
1417 1374
1418 1416
1418 1417
1418 1375
1418 1374
1419 1420
1421 1422
1423 1422
1423 1421
1424 1422
1424 1421
1424 1423
1425 291
1426 33
1426 32
1426 52
1427 1426
1427 33
1427 32
1428 277
1429 277
1429 1428
1430 277
1430 1428
1430 1429
1431 640
1432 1431
1432 640
1433 1431
1433 640
1433 1432
1434 1062
1434 208
1435 1434
1435 1062
1435 208
1436 60
1436 61
1437 1436
1437 60
1437 61
1438 1436
1438 1437
1438 60
1438 61
1439 1436
1439 1437
1439 1438
1439 60
1439 61
1440 1436
1440 1437
1440 1438
1440 1439
1440 60
1440 61
1441 1436
1441 1437
1441 1438
1441 1439
1441 1440
1441 60
1441 61
1442 1443
1444 319
1444 599
1445 319
1445 599
1445 1444
1446 319
1446 599
1446 1444
1446 1445
1447 319
1447 599
1447 1444
1447 1445
1447 1446
1448 599
1448 733
1449 1450
1451 1450
1451 1449
1452 1450
1452 1449
1452 1451
1453 599
1453 597
1454 1455
1456 1457
1458 1459
1460 1459
1461 500
1461 74
